eval_loss = 0.643273355739732
fn = 508
fp = 290
mcc = 0.3644246753421719
tn = 906
tp = 773
