eval_loss = 0.6704444773735538
fn = 382
fp = 639
mcc = 0.17253678017608745
tn = 557
tp = 899
