eval_loss = 0.6958325926334628
fn = 18
fp = 1179
mcc = 0.0006881012399138706
tn = 17
tp = 1263
