eval_loss = 0.7311036999187162
fn = 195
fp = 1031
mcc = 0.014041610911833565
tn = 208
tp = 1043
