eval_loss = 0.7125311869767404
fn = 957
fp = 151
mcc = 0.1607852196225591
tn = 1045
tp = 324
