eval_loss = 1.2459368424069497
fn = 481
fp = 849
mcc = -0.09041472209424459
tn = 347
tp = 800
