eval_loss = 0.692524119442509
fn = 51
fp = 1120
mcc = 0.053770977087739286
tn = 76
tp = 1230
