eval_loss = 0.6558018115258986
fn = 257
fp = 694
mcc = 0.23750118545016807
tn = 502
tp = 1024
