eval_loss = 3.746334676204189
fn = 499
fp = 842
mcc = -0.09838511965347799
tn = 354
tp = 782
