eval_loss = 0.7743806482322755
fn = 570
fp = 666
mcc = -0.0018314739079035311
tn = 530
tp = 711
