eval_loss = 0.9733743035985577
fn = 781
fp = 565
mcc = -0.08285667250643285
tn = 631
tp = 500
