eval_loss = 0.6143647763517595
fn = 230
fp = 571
mcc = 0.36054648969264574
tn = 625
tp = 1051
