eval_loss = 0.5338202557015803
fn = 130
fp = 461
mcc = 0.5378017454125308
tn = 735
tp = 1151
