eval_loss = 2.685481107571433
fn = 876
fp = 473
mcc = -0.08286718267556867
tn = 723
tp = 405
