eval_loss = 0.702502364881577
fn = 70
fp = 1062
mcc = 0.10432823803974577
tn = 134
tp = 1211
