eval_loss = 0.6685568816238834
fn = 192
fp = 804
mcc = 0.20939991209617556
tn = 392
tp = 1089
