eval_loss = 0.704256022168744
fn = 28
fp = 1171
mcc = -0.003297614840136555
tn = 25
tp = 1253
