eval_loss = 0.6608829108457411
fn = 80
fp = 770
mcc = 0.3640649589663326
tn = 426
tp = 1201
