eval_loss = 0.7056170382807332
fn = 176
fp = 1048
mcc = 0.01687741567704275
tn = 191
tp = 1062
