eval_loss = 3.637813175493671
fn = 589
fp = 527
mcc = 0.09952121035820297
tn = 669
tp = 692
