eval_loss = 0.8477935683823401
fn = 850
fp = 83
mcc = 0.3290818088967901
tn = 1113
tp = 431
