eval_loss = 0.689291565456698
fn = 468
fp = 631
mcc = 0.10850953590117676
tn = 565
tp = 813
