eval_loss = 0.6901865428493869
fn = 186
fp = 921
mcc = 0.10879335707577205
tn = 275
tp = 1095
