eval_loss = 0.6373462906768245
fn = 206
fp = 717
mcc = 0.26777833145280433
tn = 479
tp = 1075
