eval_loss = 0.8098387337019367
fn = 37
fp = 983
mcc = 0.24751861047127072
tn = 213
tp = 1244
