eval_loss = 0.6960268926235937
fn = 60
fp = 1058
mcc = 0.12630450197689896
tn = 138
tp = 1221
