eval_loss = 0.6935919936626188
fn = 3
fp = 1193
mcc = 0.0016919519599705674
tn = 3
tp = 1278
