eval_loss = 0.6942390191939569
fn = 343
fp = 843
mcc = 0.030451626418355433
tn = 353
tp = 938
