eval_loss = 0.6889788095989535
fn = 110
fp = 985
mcc = 0.13472756716547948
tn = 211
tp = 1171
