eval_loss = 0.6454501344311622
fn = 270
fp = 635
mcc = 0.2733590873614174
tn = 561
tp = 1011
