eval_loss = 0.701212469993099
fn = 5
fp = 1191
mcc = 0.002186070685861269
tn = 5
tp = 1276
