eval_loss = 1.9771394017242616
fn = 351
fp = 933
mcc = -0.06261625505906568
tn = 263
tp = 930
