eval_loss = 0.6778613000146805
fn = 600
fp = 454
mcc = 0.152461038821294
tn = 742
tp = 681
