eval_loss = 2.6450830476899303
fn = 934
fp = 385
mcc = -0.05588089690707574
tn = 811
tp = 347
