eval_loss = 0.7574519608289965
fn = 662
fp = 639
mcc = -0.051040951144737674
tn = 557
tp = 619
