eval_loss = 4.058213978621268
fn = 204
fp = 1058
mcc = -0.06354127137277614
tn = 138
tp = 1077
