eval_loss = 0.7305091973273985
fn = 546
fp = 753
mcc = -0.05696314231575858
tn = 443
tp = 735
